image: /home/ws/src/om_slam/maps/world.pgm
resolution: 0.010000
origin: [-2.013799, -1.111444, 0.000000]
negate: 0
occupied_thresh: 0.65
free_thresh: 0.196

